data	al	cu	ni	zn
1980M1	2054.860	2592.633	6584.801	773.82
1980M2	2131.009	2916.712	6978.928	868.62
1980M3	1978.379	2303.828	6733.787	740.75
1980M4	1932.456	2074.548	6233.369	707.68
1980M5	1775.804	2076.752	6000.770	701.07
1980M6	1668.960	2006.204	6294.834	676.82
1980M7	1758.075	2175.960	6622.166	712.09
1980M8	1783.627	2081.161	6584.506	767.21
1980M9	1655.066	2059.115	6655.357	795.87
1980M10	1626.152	2045.887	6691.947	804.69
1980M11	1503.910	2010.614	6452.666	800.28
1980M12	1430.657	1878.337	6390.912	782.64
1981M1	1430.830	1876.132	6403.773	776.03
1981M2	1452.381	1803.379	6370.748	731.93
1981M3	1442.952	1816.607	6292.434	756.18
1981M4	1369.235	1823.221	6307.061	824.53
1981M5	1296.996	1746.059	6352.156	850.98
1981M6	1232.407	1699.762	6169.463	839.96
1981M7	1175.311	1682.125	6150.338	864.21
1981M8	1230.829	1787.947	5999.117	954.60
1981M9	1168.911	1706.376	5579.064	936.96
1981M10	1140.182	1664.488	5216.711	890.67
1981M11	1081.846	1651.260	5100.246	875.23
1981M12	1130.884	1655.670	5496.025	848.78
1982M1	1113.259	1613.782	5628.904	820.12
1982M2	1087.706	1596.145	5716.760	824.53
1982M3	1029.237	1512.369	5653.357	791.46
1982M4	996.208	1521.188	5394.055	740.75
1982M5	973.294	1530.006	5211.838	749.57
1982M6	918.849	1309.544	5186.697	692.25
1982M7	957.848	1439.617	5068.580	723.12
1982M8	958.864	1450.640	4953.027	714.30
1982M9	959.532	1424.185	4310.297	749.57
1982M10	951.484	1463.868	3916.508	751.78
1982M11	965.147	1444.026	3433.657	709.89
1982M12	987.387	1474.891	3576.270	670.20
1983M1	1076.531	1574.099	3796.960	698.86
1983M2	1230.456	1649.055	4228.197	681.23
1983M3	1301.729	1598.350	4831.773	679.02
1983M4	1363.567	1675.511	4817.785	696.66
1983M5	1453.434	1765.901	5031.533	736.34
1983M6	1465.578	1701.967	4883.158	718.71
1983M7	1520.210	1704.171	4804.037	740.75
1983M8	1603.667	1640.237	4852.758	809.10
1983M9	1613.729	1560.871	4910.523	837.76
1983M10	1566.258	1435.208	4674.150	857.60
1983M11	1516.728	1388.911	4585.166	859.80
1983M12	1549.339	1415.366	4657.000	857.60
1984M1	1548.906	1375.683	4670.480	956.81
1984M2	1491.162	1428.593	4639.912	998.69
1984M3	1455.763	1501.346	4780.826	1040.58
1984M4	1370.350	1532.211	4911.406	1003.10
1984M5	1289.135	1419.775	4811.424	1000.90
1984M6	1275.029	1364.660	4773.232	941.37
1984M7	1162.806	1331.591	4640.180	853.19
1984M8	1136.009	1338.204	4736.074	833.35
1984M9	1012.170	1294.112	4705.637	873.03
1984M10	1027.648	1272.066	4750.295	844.37
1984M11	1154.660	1344.818	4748.400	857.60
1984M12	1095.696	1320.567	4858.982	859.80
1985M1	1075.854	1358.046	4947.168	866.42
1985M2	1097.901	1388.911	5050.785	886.26
1985M3	1095.255	1389.352	5211.723	921.53
1985M4	1108.924	1501.346	5489.504	930.35
1985M5	1104.515	1530.006	5604.145	879.64
1985M6	1031.762	1433.003	5553.438	809.10
1985M7	1011.921	1474.891	5090.467	767.21
1985M8	1018.534	1419.775	4907.484	734.14
1985M9	985.465	1366.864	4570.178	690.05
1985M10	970.033	1384.501	4239.484	632.73
1985M11	950.191	1369.069	4034.455	597.45
1985M12	1038.376	1391.115	4089.570	685.64
1986M1	1119.947	1417.570	4034.455	643.75
1986M2	1115.538	1404.343	3988.157	608.48
1986M3	1168.448	1444.026	4135.867	626.11
1986M4	1164.039	1433.003	4085.161	659.18
1986M5	1164.039	1417.570	4043.273	707.68
1986M6	1183.881	1413.162	4087.365	804.69
1986M7	1122.152	1344.818	3910.996	806.89
1986M8	1128.765	1302.930	3807.379	815.71
1986M9	1205.927	1309.544	3723.603	870.82
1986M10	1161.835	1316.158	3644.237	886.26
1986M11	1130.970	1302.930	3642.032	820.12
1986M12	1130.970	1331.591	3562.666	798.07
1987M1	1170.653	1344.818	3525.188	758.39
1987M2	1283.089	1380.092	3716.989	740.75
1987M3	1369.069	1463.868	3772.105	731.93
1987M4	1399.934	1483.709	3897.768	760.59
1987M5	1410.957	1518.983	4435.695	837.76
1987M6	1472.686	1571.894	4435.695	877.44
1987M7	1653.465	1693.148	4753.160	828.94
1987M8	1809.993	1754.878	5306.520	802.48
1987M9	1746.059	1809.993	5332.977	756.18
1987M10	1962.112	1966.521	5692.328	769.41
1987M11	1679.920	2519.880	5937.041	846.57
1987M12	1823.221	2866.006	7661.055	866.42
1988M1	2001.795	2660.977	8073.318	877.44
1988M2	2138.481	2328.079	8666.361	875.23
1988M3	2526.495	2358.943	15496.273	981.06
1988M4	2508.858	2283.987	18011.746	1069.24
1988M5	2987.260	2442.719	17024.076	1175.06
1988M6	3578.098	2539.723	15588.867	1364.66
1988M7	2581.610	2213.438	14592.379	1236.79
1988M8	2700.659	2200.210	14186.730	1307.34
1988M9	2387.604	2433.900	11878.492	1329.39
1988M10	2308.237	2936.554	11556.617	1518.98
1988M11	2380.990	3302.520	13342.359	1556.46
1988M12	2458.151	3496.527	16920.459	1591.74
1989M1	2398.626	3392.910	17725.145	1732.83
1989M2	2175.597	3095.286	18582.475	1929.50
1989M3	2074.547	3262.838	17156.354	1959.91
1989M4	2125.800	3117.333	15261.500	1654.40
1989M5	2259.000	2738.138	13454.000	1627.00
1989M6	1914.000	2544.131	12143.000	1537.00
1989M7	1756.000	2503.787	12275.000	1614.00
1989M8	1798.000	2760.185	12910.000	1726.00
1989M9	1718.000	2883.643	11222.000	1626.00
1989M10	1820.000	2859.392	10425.000	1583.00
1989M11	1736.000	2590.429	9793.000	1435.00
1989M12	1633.000	2418.468	8809.000	1450.00
1990M1	1528.000	2365.557	7056.000	1294.00
1990M2	1454.000	2358.943	6977.000	1394.00
1990M3	1567.000	2625.703	9267.000	1666.00
1990M4	1526.000	2685.227	8939.000	1686.00
1990M5	1527.000	2740.342	8698.000	1775.00
1990M6	1566.000	2583.815	8422.000	1715.00
1990M7	1571.000	2769.003	9318.000	1637.00
1990M8	1782.000	2956.396	10957.000	1615.00
1990M9	2067.000	3040.171	10844.000	1537.00
1990M10	1946.000	2742.547	9145.000	1353.00
1990M11	1618.000	2583.815	8587.000	1278.00
1990M12	1522.000	2484.607	8158.000	1265.00
1991M1	1515.000	2447.128	8569.000	1206.00
1991M2	1505.000	2447.128	8672.000	1188.00
1991M3	1496.000	2409.649	8700.000	1199.00
1991M4	1392.000	2471.379	9023.000	1254.00
1991M5	1299.950	2340.425	8499.609	1127.74
1991M6	1283.550	2218.068	8296.500	1067.45
1991M7	1297.547	2231.255	8515.201	1063.41
1991M8	1259.693	2236.187	8154.750	1047.74
1991M9	1212.095	2318.583	7675.953	1025.60
1991M10	1152.955	2360.646	7453.863	991.65
1991M11	1134.925	2375.660	7258.500	1100.65
1991M12	1099.526	2205.918	7140.264	1185.08
1992M1	1181.227	2150.580	7531.137	1157.66
1992M2	1270.750	2208.892	7888.000	1135.48
1992M3	1282.023	2231.786	7430.455	1217.77
1992M4	1317.125	2214.167	7417.951	1304.95
1992M5	1306.711	2219.315	7333.947	1377.74
1992M6	1275.273	2296.442	7202.363	1385.41
1992M7	1314.348	2527.285	7516.174	1320.41
1992M8	1305.550	2513.470	7279.750	1363.40
1992M9	1270.214	2419.614	6918.572	1367.12
1992M10	1180.841	2262.457	6322.500	1158.36
1992M11	1162.214	2161.789	5593.715	1052.24
1992M12	1209.024	2211.950	5751.190	1061.48
1993M1	1208.100	2264.214	5948.100	1067.57
1993M2	1203.150	2212.181	6050.750	1073.63
1993M3	1150.478	2152.380	5974.913	996.76
1993M4	1110.275	1953.621	5987.500	1006.00
1993M5	1125.421	1799.352	5777.790	979.26
1993M6	1168.091	1857.871	5544.318	928.23
1993M7	1203.182	1927.340	5051.182	930.07
1993M8	1172.762	1951.071	4740.476	886.83
1993M9	1116.909	1858.250	4376.045	875.73
1993M10	1089.429	1647.000	4464.857	918.57
1993M11	1040.023	1632.568	4642.273	929.39
1993M12	1091.350	1723.625	5139.800	975.53
1994M1	1170.000	1807.071	5584.048	998.60
1994M2	1270.525	1865.075	5830.100	969.75
1994M3	1287.696	1913.174	5590.435	937.61
1994M4	1277.289	1881.368	5400.263	924.34
1994M5	1321.048	2144.500	6082.857	956.71
1994M6	1402.364	2363.091	6287.045	966.00
1994M7	1491.952	2447.238	6230.571	962.64
1994M8	1457.068	2409.750	5856.136	946.91
1994M9	1571.091	2504.841	6370.682	993.55
1994M10	1694.262	2546.024	6735.857	1059.55
1994M11	1885.886	2803.545	7474.545	1150.27
1994M12	1878.375	2980.700	8540.650	1112.75
1995M1	2059.357	3003.262	9596.190	1154.81
1995M2	1905.450	2870.450	8431.250	1030.68
1995M3	1799.978	2919.674	7522.391	1021.70
1995M4	1849.444	2894.889	7405.000	1059.14
1995M5	1765.476	2771.571	7262.381	1036.62
1995M6	1775.795	2987.682	7877.273	1007.77
1995M7	1867.275	3076.450	8618.000	1028.06
1995M8	1890.045	3040.136	8931.818	1015.48
1995M9	1761.725	2910.425	8397.250	988.03
1995M10	1671.955	2810.068	8068.864	980.43
1995M11	1655.929	2981.619	8498.096	1033.19
1995M12	1657.816	2918.211	8074.210	1017.16
1996M1	1584.476	2605.000	7870.714	1019.69
1996M2	1594.571	2544.667	8198.500	1035.83
1996M3	1614.857	2563.350	8046.400	1063.25
1996M4	1587.400	2594.175	8047.000	1043.95
1996M5	1593.857	2658.762	8042.857	1036.55
1996M6	1485.750	2177.600	7713.158	1009.40
1996M7	1460.022	1983.935	7202.609	1000.52
1996M8	1466.786	2017.857	7037.619	1007.95
1996M9	1405.762	1935.071	7329.810	998.98
1996M10	1336.022	1960.196	7028.696	1002.72
1996M11	1451.048	2215.429	6960.714	1044.31
1996M12	1500.976	2264.595	6571.048	1036.55
1997M1	1575.136	2427.273	7069.136	1086.14
1997M2	1582.053	2406.632	7736.579	1178.16
1997M3	1631.184	2420.184	7893.210	1254.34
1997M4	1561.114	2389.318	7313.136	1240.02
1997M5	1625.450	2513.300	7476.000	1310.13
1997M6	1567.190	2611.286	7060.000	1354.98
1997M7	1591.587	2449.196	6832.739	1517.02
1997M8	1710.025	2250.100	6764.450	1650.63
1997M9	1611.619	2104.310	6498.286	1638.29
1997M10	1607.326	2050.696	6373.478	1276.67
1997M11	1598.325	1918.500	6137.250	1171.15
1997M12	1530.524	1761.452	5942.381	1101.26
1998M1	1485.475	1687.600	5489.000	1096.25
1998M2	1465.175	1664.000	5367.250	1043.20
1998M3	1438.318	1747.159	5397.045	1046.75
1998M4	1417.550	1800.125	5391.000	1096.18
1998M5	1364.316	1731.658	5016.842	1060.37
1998M6	1305.524	1656.595	4456.905	1007.60
1998M7	1312.667	1655.667	4332.619	1043.50
1998M8	1310.550	1619.925	4078.000	1029.05
1998M9	1341.886	1646.773	4100.909	999.64
1998M10	1303.705	1585.500	3870.455	941.36
1998M11	1295.300	1573.725	4117.250	965.95
1998M12	1250.395	1475.763	3865.763	961.58
1999M1	1219.400	1432.000	4264.000	931.75
1999M2	1186.475	1412.950	4623.250	1017.60
1999M3	1179.864	1378.477	5002.955	1028.80
1999M4	1277.850	1463.725	5054.750	1018.18
1999M5	1323.132	1510.447	5395.789	1039.92
1999M6	1315.523	1422.159	5194.773	999.91
1999M7	1403.364	1639.182	5696.364	1071.23
1999M8	1421.690	1646.738	6431.429	1129.69
1999M9	1492.068	1749.682	7029.091	1192.93
1999M10	1473.333	1723.286	7317.619	1147.98
1999M11	1472.432	1726.773	7946.818	1146.39
1999M12	1554.735	1764.882	8073.235	1185.24
2000M1	1679.850	1843.850	8315.250	1178.58
2000M2	1679.425	1807.025	9583.750	1098.25
2000M3	1579.640	1739.800	10255.400	1113.00
2000M4	1458.745	1681.908	9746.500	1132.52
2000M5	1468.065	1785.098	10122.913	1154.07
2000M6	1509.373	1752.073	8384.318	1116.19
2000M7	1564.376	1803.143	8174.810	1135.91
2000M8	1530.335	1857.124	8038.435	1172.55
2000M9	1602.310	1961.893	8624.810	1221.67
2000M10	1501.245	1894.373	7650.636	1091.61
2000M11	1475.555	1795.602	7350.591	1058.68
2000M12	1569.055	1852.400	7318.800	1059.33
2001M1	1619.877	1787.057	6975.909	1032.70
2001M2	1607.030	1766.125	6546.800	1021.58
2001M3	1512.173	1742.159	6165.182	1005.62
2001M4	1499.483	1665.972	6363.111	970.14
2001M5	1542.390	1684.850	7086.476	937.96
2001M6	1470.833	1610.469	6674.333	896.93
2001M7	1418.623	1526.770	5962.545	853.30
2001M8	1377.845	1466.411	5525.636	830.03
2001M9	1345.995	1427.697	5057.650	799.51
2001M10	1283.530	1377.376	4830.783	761.74
2001M11	1334.455	1434.293	5131.318	774.35
2001M12	1348.724	1472.847	5315.824	757.97
2002M1	1371.364	1508.227	6061.364	794.20
2002M2	1371.080	1561.368	6039.950	773.47
2002M3	1404.985	1607.393	6543.200	820.00
2002M4	1370.386	1588.571	6956.810	807.58
2002M5	1344.427	1597.023	6771.182	768.25
2002M6	1356.933	1650.594	7147.611	769.42
2002M7	1337.865	1588.285	7137.696	795.01
2002M8	1293.357	1482.917	6736.857	748.81
2002M9	1301.700	1478.933	6664.952	756.18
2002M10	1311.461	1486.172	6818.913	755.09
2002M11	1373.267	1581.036	7314.810	764.57
2002M12	1375.862	1592.964	7206.333	794.26
2003M1	1379.268	1650.311	8032.807	782.32
2003M2	1421.535	1682.145	8607.900	785.64
2003M3	1386.524	1655.693	8339.619	790.30
2003M4	1334.290	1587.868	7930.525	756.73
2003M5	1400.398	1651.100	8347.725	776.10
2003M6	1410.517	1685.107	8839.024	790.64
2003M7	1440.880	1712.826	8831.700	828.48
2003M8	1457.225	1756.725	9359.875	815.20
2003M9	1416.577	1789.670	9995.773	818.92
2003M10	1477.224	1925.583	11040.283	900.08
2003M11	1511.585	2053.275	12052.375	914.21
2003M12	1557.779	2202.036	14185.210	976.76
2004M1	1608.893	2421.476	15089.333	1015.89
2004M2	1685.225	2751.718	15099.350	1085.79
2004M3	1657.354	3000.283	13786.543	1101.80
2004M4	1731.680	2926.975	12725.900	1028.91
2004M5	1625.250	2728.461	11228.605	1030.96
2004M6	1682.030	2689.045	13599.364	1018.84
2004M7	1707.841	2816.795	15020.068	988.08
2004M8	1692.071	2844.202	13639.619	976.77
2004M9	1731.000	2903.170	13430.364	980.00
2004M10	1830.357	3009.405	14378.476	1066.93
2004M11	1817.341	3130.309	14089.512	1100.20
2004M12	1852.910	3139.786	13764.976	1182.12
2005M1	1836.175	3168.100	14563.750	1245.53
2005M2	1882.775	3247.100	15415.600	1323.08
2005M3	1987.500	3378.905	16239.905	1373.93
2005M4	1891.988	3389.810	16138.333	1297.79
2005M5	1741.450	3241.900	17002.250	1245.51
2005M6	1731.943	3529.727	16113.182	1273.10
2005M7	1783.262	3608.476	14587.595	1196.83
2005M8	1871.273	3791.909	14962.000	1300.72
2005M9	1837.693	3850.659	14154.545	1396.65
2005M10	1934.143	4056.167	12431.119	1483.20
2005M11	2056.970	4278.159	12235.045	1610.64
2005M12	2250.900	4577.025	13490.450	1819.33
2006M1	2383.302	4743.857	14660.810	2091.75
2006M2	2453.375	4974.975	14974.500	2219.73
2006M3	2432.478	5123.674	14925.478	2427.65
2006M4	2623.858	6404.444	18028.889	3068.34
2006M5	2852.071	8059.190	21131.333	3544.64
2006M6	2490.955	7222.773	20585.909	3197.59
2006M7	2511.833	7726.738	26185.714	3320.74
2006M8	2461.552	7690.250	30468.864	3339.97
2006M9	2484.381	7622.643	29702.619	3394.06
2006M10	2657.148	7497.409	32551.136	3829.60
2006M11	2702.136	7029.295	31891.591	4378.61
2006M12	2823.671	6680.974	34400.526	4381.45
2007M1	2799.059	5689.341	36821.591	3784.86
2007M2	2839.050	5718.150	41078.250	3321.38
2007M3	2757.080	6465.295	46125.227	3256.18
2007M4	2817.053	7753.342	49956.579	3566.86
2007M5	2804.605	7677.952	51783.333	3847.52
2007M6	2681.310	7514.238	41551.667	3628.65
2007M7	2738.091	7980.932	33400.227	3546.30
2007M8	2512.602	7500.205	27649.636	3244.17
2007M9	2394.963	7671.350	29548.400	2887.60
2007M10	2444.533	8020.587	31156.000	2979.99
2007M11	2507.152	6957.432	30505.636	2554.60
2007M12	2382.833	6630.736	26053.556	2378.60
2008M1	2456.125	7078.909	27774.773	2364.41
2008M2	2784.893	7941.143	28064.952	2458.48
2008M3	3012.053	8434.316	31093.053	2511.18
2008M4	2968.034	8714.182	28776.818	2278.51
2008M5	2908.278	8356.125	25656.500	2178.33
2008M6	2967.869	8292.000	22562.571	1906.17
2008M7	3067.457	8407.022	20106.957	1856.45
2008M8	2762.560	7633.800	19111.800	1734.65
2008M9	2524.148	6975.114	17781.864	1744.52
2008M10	2122.028	4894.891	12144.870	1303.00
2008M11	1857.130	3729.188	10776.500	1169.36
2008M12	1504.417	3105.095	9846.929	1112.90
2009M1	1420.360	3260.357	11562.952	1202.52
2009M2	1338.063	3328.413	10410.750	1118.00
2009M3	1338.080	3770.875	9710.727	1223.22
2009M4	1431.813	4436.925	11331.600	1388.14
2009M5	1466.671	4591.461	12720.079	1492.52
2009M6	1579.627	5015.432	14944.364	1556.77
2009M7	1670.557	5228.413	16017.391	1580.86
2009M8	1927.638	6176.875	19375.925	1818.01
2009M9	1835.598	6195.750	17404.636	1879.15
2009M10	1875.664	6305.989	18489.477	2070.84
2009M11	1956.548	6682.440	16911.333	2196.55
2009M12	2181.257	6976.976	17121.619	2374.04
2010M1	2230.113	7367.375	18405.550	2414.66
2010M2	2053.270	6867.675	19060.550	2158.80
2010M3	2210.530	7466.935	22467.174	2277.26
2010M4	2314.278	7729.838	26028.500	2367.50
2010M5	2044.711	6843.158	21930.000	1969.79
2010M6	1929.409	6501.500	19411.295	1746.51
2010M7	1989.045	6750.568	19548.523	1847.03
2010M8	2110.440	7302.667	21448.786	2047.48
2010M9	2171.243	7729.591	22690.136	2150.94
2010M10	2342.179	8289.762	23793.679	2373.56
2010M11	2324.045	8458.420	22836.227	2283.30
2010M12	2356.669	9152.857	24099.571	2287.32
2011M1	2439.700	9533.200	25621.225	2375.81
2011M2	2515.260	9880.938	28412.175	2473.45
2011M3	2555.500	9503.359	26710.348	2341.48
2011M4	2667.417	9482.750	26332.167	2371.48
2011M5	2587.213	8931.675	24164.550	2159.60
2011M6	2557.761	9066.852	22420.932	2234.47
2011M7	2525.429	9650.464	23847.952	2397.75
2011M8	2380.975	8997.989	21864.682	2199.24
2011M9	2293.461	8300.136	20377.591	2075.22
2011M10	2180.648	7394.190	19039.048	1871.42
2011M11	2079.982	7581.023	17873.000	1935.32
2011M12	2024.375	7558.875	18246.038	1911.15
2012M1	2151.333	8061.917	19908.619	1989.23
2012M2	2207.917	8441.488	20393.667	2057.79
2012M3	2184.159	8470.784	18660.807	2035.93
2012M4	2048.505	8285.526	17892.816	2002.68
2012M5	2002.523	7896.909	16968.318	1928.01
2012M6	1885.513	7428.289	16603.684	1855.93
2012M7	1876.250	7584.261	16128.409	1847.75
2012M8	1843.327	7510.432	15703.989	1816.32
2012M9	2064.120	8087.743	17287.963	2009.85
2012M10	1974.304	8062.033	17168.739	1903.96
2012M11	1948.830	7711.227	16335.364	1912.40
2012M12	2086.763	7966.487	17448.500	2040.43
2013M1	2037.607	8053.739	17494.068	2031.41
2013M2	2053.595	8060.925	17690.100	2128.69
2013M3	1911.283	7652.375	16731.700	1929.15
2013M4	1861.024	7221.162	15629.310	1855.60
2013M5	1832.571	7248.714	14948.226	1831.01
2013M6	1814.538	7000.238	14280.275	1839.01
2013M7	1769.609	6906.641	13750.315	1837.62
2013M8	1816.236	7186.250	14308.262	1896.39
2013M9	1761.305	7159.269	13801.393	1846.88
2013M10	1814.583	7203.022	14117.652	1884.84
2013M11	1747.964	7070.655	13684.012	1866.42
2013M12	1739.810	7214.900	13924.550	1974.98
2014M1	1727.411	7291.466	14101.250	2036.93
2014M2	1695.165	7149.213	14203.550	2034.53
2014M3	1705.367	6650.036	15678.095	2007.90
2014M4	1810.675	6673.563	17373.600	2027.21
2014M5	1751.050	6891.125	19401.075	2058.98
2014M6	1838.952	6821.143	18628.810	2128.10
2014M7	1948.304	7113.380	19117.652	2310.62
2014M8	2030.493	7001.838	18600.200	2326.99
2014M9	1990.432	6872.216	18034.795	2294.59
2014M10	1946.189	6737.478	15812.370	2276.83
2014M11	2055.555	6712.850	15807.050	2253.225
2014M12	1909.460	6446.452	15962.048	2175.761905
2015M1	1814.719	5830.536	14849.190	2113.047619
2015M2	1817.820	5729.275	14573.838	2097.7625
2015M3	1773.864	5939.670	13755.500	2028.727273
2015M4	1819.188	6042.088	12830.925	2212.725
2015M5	1804.039	6294.776	13511.342	2281.802632
2015M6	1687.727	5833.011	12825.227	2082.090909
2015M7	1639.500	5456.750	11413.098	2000.684783
2015M8	1548.125	5127.300	10386.000	1807.6375
2015M9	1589.602	5217.250	9937.545	1720.227273
2015M10	1516.489	5216.091	10316.830	1724.340909
2015M11	1467.893	4799.905	9244.333	1583.309524
2015M12	1497.202	4638.833	8707.786	1527.785714
2016M1	1481.100	4471.788	8507.288	1520.3625
2016M2	1531.262	4598.619	8298.500	1709.845238
2016M3	1531.012	4953.798	8717.250	1801.690476
2016M4	1571.226	4872.738	8878.857	1855.37381
2016M5	1550.625	4694.538	8660.350	1869.025
2016M6	1593.507	4641.966	8928.352	2026.193182
2016M7	1629.048	4864.905	10262.857	2183.25
2016M8	1639.284	4751.670	10335.989	2279.136364
2016M9	1592.364	4722.205	10191.784	2292.306818
2016M10	1665.905	4731.262	10259.738	2311.5
2016M11	1737.114	5450.932	11128.909	2566.204545
2016M12	1727.738	5660.350	10972.275	2664.8125
2017M1	1791.238	5754.560	9971.464	2714.797619
2017M2	1860.750	5940.913	10643.300	2845.55
2017M3	1901.467	5824.630	10204.663	2776.880435
2017M4	1921.222	5683.903	9609.278	2614.916667
2017M5	1913.024	5599.560	9155.119	2590.214286
2017M6	1885.286	5719.761	8931.761	2573.397727
2017M7	1902.964	5985.119	9491.393	2787.190476
2017M8	2030.011	6485.625	10889.977	2980.727273
2017M9	2096.488	6577.167	11215.786	3116.857143
2017M10	2131.489	6807.602	11335.773	3264.602273
2017M11	2097.441	6826.545	11972.000	3229.306818
2017M12	2080.474	6833.895	11495.105	3195.947368
2018M1	2209.727	7065.852	12864.875	3441.522727
2018M2	2181.788	7006.525	13595.875	3532.9
2018M3	2069.238	6799.179	13392.500	3269.178571
2018M4	2254.688	6851.513	13938.100	3188.05
2018M5	2299.667	6825.274	14366.488	3059.869048
2018M6	2237.619	6965.857	15105.655	3088.571429
2018M7	2082.239	6250.750	13793.864	2656.125
2018M8	2051.511	6051.045	13411.352	2512
2018M9	2026.463	6050.763	12510.350	2434.675
2018M10	2029.859	6219.587	12314.913	2673.673913
2018M11	1938.511	6195.920	11239.716	2595.693182
2018M12	1920.382	6075.316	10835.079	2616.289474
2019M1	1853.716	5939.102	11523.091	2569.704545
2019M2	1862.988	6300.488	12685.225	2707.1875
2019M3	1871.214	6439.464	13026.274	2850.595238
2019M4	1845.425	6438.363	12772.788	2932.65
2019M5	1781.262	6017.905	12016.310	2742.809524
2019M6	1755.950	5882.225	11943.938	2601.225
2019M7	1796.989	5941.196	13546.304	2446.51087
